0.0 0.0
1.0 0.0070729434164526735
2.0 0.05645054839561287
3.0 0.13844089247286032
4.0 0.26378388972888234
5.0 0.38781689746482056
6.0 0.49980000159998755
7.0 0.5964592283261738
8.0 0.6716386268909853
9.0 0.7282201742386066
10.0 0.7731448148414818
11.0 0.8108655130758959
12.0 0.840335277317782
13.0 0.8623391012871904
14.0 0.8794969640242885
15.0 0.8975718194254452
16.0 0.9088357293141661
17.0 0.9193136454908367
18.0 0.9258625930992559
19.0 0.934113527091784
20.0 0.9404004767961864
21.0 0.9448534411724714
22.0 0.9496994024047816
23.0 0.9549383604931169
24.0 0.9595223238214102
25.0 0.9629272965816282
26.0 0.9654162766697875
27.0 0.9675122599019216
28.0 0.9698702410380725
29.0 0.9718352253181982
30.0 0.9728832169342654
31.0 0.974455204358366
32.0 0.9758961928304583
33.0 0.9777301781585755
34.0 0.9790401676786594
35.0 0.9799571603427181
36.0 0.9810051519587852
37.0 0.9821841425268607
38.0 0.9828391372869026
39.0 0.9834941320469445
40.0 0.9838871289029696
41.0 0.985066119471045
42.0 0.9855901152790786
43.0 0.9865071079431372
44.0 0.986769105847154
45.0 0.9874241006071959
46.0 0.9875550995592043
47.0 0.9880790953672378
48.0 0.9883410932712545
49.0 0.988865089079288
50.0 0.9892580859353132
51.0 0.9897820817433467
52.0 0.9903060775513801
53.0 0.9905680754553969
54.0 0.9906990744074052
55.0 0.9906990744074052
56.0 0.9913540691674472
57.0 0.9913540691674472
58.0 0.992009063927489
59.0 0.9922710618315058
60.0 0.9925330597355225
61.0 0.9925330597355225
62.0 0.9926640586875309
63.0 0.993057055543556
64.0 0.993057055543556
65.0 0.9931880544955645
66.0 0.9934500523995812
67.0 0.9939740482076147
68.0 0.9939740482076147
69.0 0.9939740482076147
70.0 0.9941050471596231
71.0 0.9943670450636398
72.0 0.9944980440156482
73.0 0.9944980440156482
74.0 0.9944980440156482
75.0 0.9947600419196649
76.0 0.9948910408716733
77.0 0.9948910408716733
78.0 0.9950220398236816
79.0 0.9950220398236816
80.0 0.9952840377276985
81.0 0.9955460356317152
82.0 0.995808033535732
83.0 0.9959390324877403
84.0 0.9960700314397487
85.0 0.9960700314397487
86.0 0.9960700314397487
87.0 0.9960700314397487
88.0 0.9960700314397487
89.0 0.9962010303917571
90.0 0.9962010303917571
91.0 0.9963320293437654
92.0 0.9963320293437654
93.0 0.9963320293437654
94.0 0.9964630282957738
95.0 0.9965940272477822
96.0 0.9965940272477822
97.0 0.9965940272477822
98.0 0.9967250261997906
99.0 0.9969870241038074
100.0 0.9971180230558158
101.0 0.9972490220078241
102.0 0.9973800209598325
103.0 0.9973800209598325
104.0 0.9973800209598325
105.0 0.9973800209598325
106.0 0.9973800209598325
107.0 0.9973800209598325
108.0 0.9973800209598325
109.0 0.9973800209598325
110.0 0.9973800209598325
111.0 0.9975110199118409
112.0 0.9975110199118409
113.0 0.9975110199118409
114.0 0.9975110199118409
115.0 0.9975110199118409
116.0 0.9975110199118409
117.0 0.9975110199118409
118.0 0.9975110199118409
119.0 0.9975110199118409
120.0 0.9975110199118409
121.0 0.9975110199118409
122.0 0.9975110199118409
123.0 0.9975110199118409
124.0 0.9975110199118409
125.0 0.9975110199118409
126.0 0.9975110199118409
127.0 0.9975110199118409
128.0 0.9976420188638492
129.0 0.9976420188638492
130.0 0.9976420188638492
131.0 0.9977730178158576
132.0 0.9980350157198744
133.0 0.9980350157198744
134.0 0.9980350157198744
135.0 0.9980350157198744
136.0 0.9980350157198744
137.0 0.9980350157198744
138.0 0.9980350157198744
139.0 0.9980350157198744
140.0 0.9980350157198744
141.0 0.9980350157198744
142.0 0.9980350157198744
143.0 0.9980350157198744
144.0 0.9982970136238911
145.0 0.9982970136238911
146.0 0.9982970136238911
147.0 0.9982970136238911
148.0 0.9982970136238911
149.0 0.9982970136238911
150.0 0.9982970136238911
151.0 0.9982970136238911
152.0 0.9982970136238911
153.0 0.9982970136238911
154.0 0.9982970136238911
155.0 0.9982970136238911
156.0 0.9982970136238911
157.0 0.9982970136238911
158.0 0.9982970136238911
159.0 0.9982970136238911
160.0 0.9984280125758995
161.0 0.9984280125758995
162.0 0.9984280125758995
163.0 0.9985590115279078
164.0 0.9985590115279078
165.0 0.9985590115279078
166.0 0.9985590115279078
167.0 0.9985590115279078
168.0 0.9985590115279078
169.0 0.9985590115279078
170.0 0.9986900104799162
171.0 0.9986900104799162
172.0 0.9986900104799162
173.0 0.9986900104799162
174.0 0.9986900104799162
175.0 0.9986900104799162
176.0 0.9986900104799162
177.0 0.9986900104799162
178.0 0.9986900104799162
179.0 0.9986900104799162
180.0 0.9986900104799162
181.0 0.9986900104799162
182.0 0.9986900104799162
183.0 0.9986900104799162
184.0 0.9986900104799162
185.0 0.9986900104799162
186.0 0.9986900104799162
187.0 0.9986900104799162
188.0 0.9986900104799162
189.0 0.9986900104799162
190.0 0.9986900104799162
191.0 0.9986900104799162
192.0 0.9986900104799162
193.0 0.9986900104799162
194.0 0.9986900104799162
195.0 0.9986900104799162
196.0 0.9986900104799162
197.0 0.9986900104799162
198.0 0.9986900104799162
199.0 0.9986900104799162
200.0 0.9986900104799162
201.0 0.9986900104799162
202.0 0.9986900104799162
203.0 0.9986900104799162
204.0 0.9986900104799162
205.0 0.9989520083839329
206.0 0.9989520083839329
207.0 0.9989520083839329
208.0 0.9989520083839329
209.0 0.9989520083839329
210.0 0.9989520083839329
211.0 0.9989520083839329
212.0 0.9989520083839329
213.0 0.9989520083839329
214.0 0.9989520083839329
215.0 0.9989520083839329
216.0 0.9989520083839329
217.0 0.9990830073359414
218.0 0.9990830073359414
219.0 0.9990830073359414
220.0 0.9990830073359414
221.0 0.9990830073359414
222.0 0.9990830073359414
223.0 0.9990830073359414
224.0 0.9990830073359414
225.0 0.9990830073359414
226.0 0.9990830073359414
227.0 0.9990830073359414
228.0 0.9990830073359414
229.0 0.9990830073359414
230.0 0.9990830073359414
231.0 0.9990830073359414
232.0 0.9990830073359414
233.0 0.9990830073359414
234.0 0.9990830073359414
235.0 0.9990830073359414
236.0 0.9990830073359414
237.0 0.9990830073359414
238.0 0.9990830073359414
239.0 0.9990830073359414
240.0 0.9990830073359414
241.0 0.9990830073359414
242.0 0.9990830073359414
243.0 0.9990830073359414
244.0 0.9990830073359414
245.0 0.9990830073359414
246.0 0.9990830073359414
247.0 0.9990830073359414
248.0 0.9990830073359414
249.0 0.9990830073359414
250.0 0.9990830073359414
251.0 0.9990830073359414
252.0 0.9990830073359414
253.0 0.9990830073359414
254.0 0.9990830073359414
255.0 0.9990830073359414
256.0 0.9990830073359414
257.0 0.9990830073359414
258.0 0.9990830073359414
259.0 0.9990830073359414
260.0 0.9990830073359414
261.0 0.9990830073359414
262.0 0.9990830073359414
263.0 0.9992140062879498
264.0 0.9992140062879498
265.0 0.9992140062879498
266.0 0.9992140062879498
267.0 0.9992140062879498
268.0 0.9992140062879498
269.0 0.9992140062879498
270.0 0.9992140062879498
271.0 0.9992140062879498
272.0 0.9992140062879498
273.0 0.9992140062879498
274.0 0.9992140062879498
275.0 0.9992140062879498
276.0 0.9992140062879498
277.0 0.9992140062879498
278.0 0.9992140062879498
279.0 0.9992140062879498
280.0 0.9992140062879498
281.0 0.9992140062879498
282.0 0.9992140062879498
283.0 0.9992140062879498
284.0 0.9992140062879498
285.0 0.9992140062879498
286.0 0.9992140062879498
287.0 0.9993450052399582
288.0 0.9993450052399582
289.0 0.9993450052399582
290.0 0.9993450052399582
291.0 0.9993450052399582
292.0 0.9993450052399582
293.0 0.9993450052399582
294.0 0.9993450052399582
295.0 0.9993450052399582
296.0 0.9993450052399582
297.0 0.9993450052399582
298.0 0.9993450052399582
299.0 0.9993450052399582
300.0 0.9993450052399582
301.0 0.9993450052399582
302.0 0.9993450052399582
303.0 0.9993450052399582
304.0 0.9993450052399582
305.0 0.9993450052399582
306.0 0.9993450052399582
307.0 0.9993450052399582
308.0 0.9993450052399582
309.0 0.9993450052399582
310.0 0.9993450052399582
311.0 0.9993450052399582
312.0 0.9993450052399582
313.0 0.9993450052399582
314.0 0.9993450052399582
315.0 0.9993450052399582
316.0 0.9993450052399582
317.0 0.9993450052399582
318.0 0.9993450052399582
319.0 0.9993450052399582
320.0 0.9993450052399582
321.0 0.9993450052399582
322.0 0.9994760041919665
323.0 0.9994760041919665
324.0 0.9994760041919665
325.0 0.9994760041919665
326.0 0.9994760041919665
327.0 0.9994760041919665
328.0 0.9994760041919665
329.0 0.9994760041919665
330.0 0.9994760041919665
331.0 0.9994760041919665
332.0 0.9994760041919665
333.0 0.9994760041919665
334.0 0.9994760041919665
335.0 0.9994760041919665
336.0 0.9994760041919665
337.0 0.9994760041919665
338.0 0.9994760041919665
339.0 0.9994760041919665
340.0 0.9994760041919665
341.0 0.9994760041919665
342.0 0.9994760041919665
343.0 0.9994760041919665
344.0 0.9994760041919665
345.0 0.9994760041919665
346.0 0.9994760041919665
347.0 0.9994760041919665
348.0 0.9994760041919665
349.0 0.9994760041919665
350.0 0.9994760041919665
351.0 0.9994760041919665
352.0 0.9994760041919665
353.0 0.9994760041919665
354.0 0.9996070031439749
355.0 0.9996070031439749
356.0 0.9996070031439749
357.0 0.9996070031439749
358.0 0.9996070031439749
359.0 0.9996070031439749
360.0 0.9996070031439749
361.0 0.9996070031439749
362.0 0.9996070031439749
363.0 0.9996070031439749
364.0 0.9996070031439749
365.0 0.9997380020959833
366.0 0.9997380020959833
367.0 0.9997380020959833
368.0 0.9997380020959833
369.0 0.9997380020959833
370.0 0.9997380020959833
371.0 0.9997380020959833
372.0 0.9997380020959833
373.0 0.9997380020959833
374.0 0.9997380020959833
375.0 0.9997380020959833
376.0 0.9997380020959833
377.0 0.9997380020959833
378.0 0.9997380020959833
379.0 0.9997380020959833
380.0 0.9997380020959833
381.0 0.9997380020959833
382.0 0.9997380020959833
383.0 0.9997380020959833
384.0 0.9997380020959833
385.0 0.9997380020959833
386.0 0.9997380020959833
387.0 0.9997380020959833
388.0 0.9997380020959833
389.0 0.9997380020959833
390.0 0.9997380020959833
391.0 0.9997380020959833
392.0 0.9997380020959833
393.0 0.9997380020959833
394.0 0.9997380020959833
395.0 0.9997380020959833
396.0 0.9997380020959833
397.0 0.9997380020959833
398.0 0.9997380020959833
399.0 0.9997380020959833
400.0 0.9997380020959833
401.0 0.9997380020959833
402.0 0.9997380020959833
403.0 0.9997380020959833
404.0 0.9997380020959833
405.0 0.9997380020959833
406.0 0.9997380020959833
407.0 0.9997380020959833
408.0 0.9997380020959833
409.0 0.9997380020959833
410.0 0.9997380020959833
411.0 0.9997380020959833
412.0 0.9997380020959833
413.0 0.9997380020959833
414.0 0.9998690010479916
415.0 0.9998690010479916
416.0 0.9998690010479916
417.0 0.9998690010479916
418.0 0.9998690010479916
419.0 0.9998690010479916
420.0 0.9998690010479916
421.0 0.9998690010479916
422.0 0.9998690010479916
423.0 0.9998690010479916
424.0 0.9998690010479916
425.0 0.9998690010479916
426.0 0.9998690010479916
427.0 0.9998690010479916
428.0 0.9998690010479916
429.0 0.9998690010479916
430.0 0.9998690010479916
431.0 0.9998690010479916
432.0 0.9998690010479916
433.0 0.9998690010479916
434.0 0.9998690010479916
435.0 0.9998690010479916
436.0 0.9998690010479916
437.0 0.9998690010479916
438.0 0.9998690010479916
439.0 0.9998690010479916
440.0 0.9998690010479916
441.0 0.9998690010479916
442.0 0.9998690010479916
443.0 0.9998690010479916
444.0 0.9998690010479916
445.0 0.9998690010479916
446.0 0.9998690010479916
447.0 0.9998690010479916
448.0 0.9998690010479916
449.0 0.9998690010479916
450.0 0.9998690010479916
451.0 0.9998690010479916
452.0 0.9998690010479916
453.0 0.9998690010479916
454.0 0.9998690010479916
455.0 0.9998690010479916
456.0 0.9998690010479916
457.0 0.9998690010479916
458.0 0.9998690010479916
459.0 0.9998690010479916
460.0 0.9998690010479916
461.0 0.9998690010479916
462.0 0.9998690010479916
463.0 0.9998690010479916
464.0 1.0
